DateTime,Entries,UniqueIPs
1433333787,226,2886028
1433333787,226,2886028
1433333787,226,2886028
1433333787,226,2886028
1433333787,226,2886028
1436356244,235,2900364
1438796967,244,2914444
1438796967,244,2914444
1438796967,244,2914444
1438796967,244,2914444
1438796967,244,2914444
1438796967,244,2914444
1438796967,244,2914444
1438796967,244,2914444
1441246525,250,2934156
1444359278,255,2968588
1446592594,259,2973452
1449013155,261,2975500
1452023189,274,2990604
1454432278,276,2992652
1456986150,278,2994700
1459872962,281,2997004
1460478568,283,2999052
1462498435,283,2999309
1465305233,285,3001357
1467904696,294,3001608
1470167278,330,3201277
1473169220,280,3208572
1473283131,282,3120268
1475589293,317,3092877
1478173292,317,3095949
1481145897,332,3109768
1483495873,334,3111048
1486522156,331,3111814
1488923495,331,3074950
1491334704,352,3137414
1493762773,353,3135110
1496897415,352,3135630
1499195950,355,3136398
1501721110,356,3145881
1504740224,363,3134873
1507153338,362,3134878
1509995749,364,3135646
1512589748,377,3121056
1515164180,387,3137952
1518032614,394,3143328
1520471040,399,3147424
1522154355,396,3129768
1522795262,375,3129528
1522795262,395,3129512
1525193298,377,3130808
1525193298,377,3130808
1525193298,377,3130808
1525193298,377,3130808
1525193298,377,3130808
1525193298,377,3130808
1528406399,380,3134896
1530653065,384,3140016
1533687433,393,3152816
1536699944,410,3155639
1537980063,413,3157943
1538514491,411,3156663
